2031007060
5085015024
2231004007
5069014023
4416021037
5684006003
4316014024
2280022052
7414003009
2373021002
4311022006
5074007004
7451020004
2701011103
5075008027
2649018013
2164019006
2263003017
2248010018
7317001012
5479014020
2506005008
4337010030
2293010028
6018021002
2118015016
2656027037
4129035002
2507025006
4326021021
2507003034
2202012017
4307015008
5003006022
7459007003
5090020009
2039028005
2871012044
2317009013
5050007024
5576015028
4306027024
5635019004
5048022010
2040004021
2424016013
2166017015
7344014033
4324023026
4003006003
5067020008
2722035005
4125010016
2301017017
2560001035
5475002038
2513015039
5555030006
4230006003
6014006024
4261012027
5219020021
2227032010
5116015025
5013026020
4419009017
2111003012
6012006033
5440024034
5174006017
5042017020
2024035028
5003027017
2601041061
2263005033
6042029014
5035005004
5049029008
5055002022
4431026006
5565021024
2153020028
2339007023
7454024024
2045014014
6065015010
5221008004
7426001012
5135019012
2231016023
2688004015
2249008010
5180007028
5023017035
2234022013
4307012031
5142004900
4256031018
2530039053
2201034016
4368011007
6006019031
5426009017
6004038050
4388010022
2107022055
4235018013
2024023901
5066022021
2320004001
2169026103
2745006015
4228010008
7424019025
5040024017
4026031009
4307006033
4306027026
2217027009
4236012004
2503008062
5023018018
2415024015
4388009017
2176002008
2666029018
5005022015
5037017011
2701090029
2562024008
2601049004
6050004021
2627011007
4012014001
6004026010
2123022072
2523005008
5407007011
2285004028
4012008005
5567027022
2687013010
2785012013
4306027006
2501010016
5551028022
6063014016
7315011013
5035003010
4323025041
4012008013
5539031021
2205009084
5041001035
2181028001
2308014006
5464027009
4230017036
2168013057
5464002006
5446018020
5493016010
2212022009
4307006068
2321017022
5110033006
2660009009
2384003063
4306024032
4307006076
7446021903
2129003016
7428024010
7446013016
5410010023
2336023012
4261029024
4286029002
4313013004
5042013022
4307013029
4320003036
5132009012
5116006011
2706010014
2266017015
2506034042
2109005020
2727009010
5168012020
5527014020
2689013024
4303023010
6038018001
2014039004
5572010029
5546023048
6109007024
4316020011
5087017011
5188003003
2356027005
2046012011
5174004011
5534021019
2429020025
2112001102
5015004020
4322002018
5312025024
2608025024
2362001003
6052016006
2112008003
4307012027
5178022026
4211004041
5060015011
5523011011
2781001029
2134016019
5082024011
2177005017
2680001007
2781003004
2032013039
2425004013
5404001036
2536014047
2040028004
7422020008
4423024006
5472009054
5303012049
7470019021
2548012002
2644021024
2748028060
6046013028
2039025017
7422029013
2660006008
2570005026
5472013025
5113012007
5204025022
7462008003
7422011010
4255016025
2326024014
5474037001
5513008026
5534023008
4412006034
2259004013
2177014013
4371040003
6050030017
6016029004
2021018003
4307010010
7456022901
2722017021
2286010030
4286014044
5465005029
2279025016
5457022029
2247008005
5033020017
5414019009
4306020021
2285018023
2178012018
7562016003
5031013012
2667015009
5543006007
2424010011
2075004045
4009008011
4359008034
4362004025
5306002014
5156001005
6046015011
2014029007
2631020033
6048001035
2755004002
4362003041
2237014022
5003001028
2042010021
4306021002
2729010001
2261033008
5072016027
6013007914
2111002012
4255008005
5124025009
2109029004
7423005010
5537004006
2722037010
4306021009
5202012045
4378004008
4431039010
2103016013
2782031007
2656003014
4415001030
2696005007
4410016038
5020002019
2609010011
4252022010
4256018024
6018007025
5029041008
2322004037
2293001029
4127008016
2708006042
4313010033
6067001011
2036017005
5534014004
2701061020
5083018002
5101038027
5303003006
5306006018
6083027016
4306027027
4371023010
2510015005
5005031014
2559013007
2706025028
5054032023
2135014008
2555006004
5309026008
2120013025
2014028017
7449010020
2044009013
2347023002
2228022014
5092009006
4306026037
4307006036
5101028004
2266008037
6067019054
5440005019
4307011013
2726012012
4254012028
2218013002
5003027038
4241026009
5067013020
4249024034
7445002027
5169003009
2118004015
7346006051
7347011024
6034030037
5183012005
2109030013
5493015012
5081014008
5188020002
6035013009
2040009026
5539008015
7562025003
5078015015
5154010005
5120019006
2649021014
7459002049
2137001020
2626017016
6109019043
5716009001
5037020041
4312019020
2190009018
5005003027
5064011008
5510014034
2466020015
5084016001
6065034913
4306021014
4306024009
4307001009
4305013021
7422007029
5088002037
2005015033
5305014002
4369001018
2023005023
2401036004
5014005003
5192013003
5482001003
6008017018
6073027015
5433018001
2701003040
2250010016
5468028006
4307003013
4307011007
4306028024
4307010004
4307013014
5068010033
7423028017
5547011001
2647015902
4348018024
5291002015
5556014021
7418002012
7420028022
7428030902
7416008012
7424017044
7425033005
4334020016
4334016001
5528008027
5514002009
5088020005
4246004022
4236017033
4231017013
4248030016
4248029042
4250030007
2020011012
2779034002
2779009042
2109003004
2004017013
2110008015
4387023014
4355008023
4387004001
4384024008
4385020003
5032009014
5024010013
5028015001
5023007030
5033002019
2631013047
2631033047
2315018035
2410010021
2407008016
2544031012
6032011020
6003017001
6032023009
6002025004
6003005005
6117012007
5190001034
5183027036
5185031025
5190003003
5186019028
2242020017
2242025004
2249026016
2244023005
2242021900
2244025014
5476011021
5469022034
5301007021
5478035016
5469004011
5486014005
5001035037
5110005016
5110021008
5019016008
5002023003
5110024008
2755009014
2786012062
2787007003
2769012010
2201023008
5434019031
5430007035
5589022015
5588033003
5590021007
5591002016
7467009046
7465006022
7460019013
7449009015
7465026037
7447016019
4125005025
4108011020
4104012014
4112009025
4109023024
4112016015
2246032031
2239003012
2344025016
2344028004
2344008019
6011010054
6022023002
6030018023
6006023012
6022008024
6040022005
4491006013
4366018011
4366009008
4365020010
4404017020
4366020003
6035014001
6002004026
6017028018
6001013009
6034012004
6018003026
2375008026
2382011017
2365027022
2367006013
2381007020
2380020007
6073008007
6073008023
6073008031
6086023037
6083023023
6083001003
4371025017
4379014009
4377038022
4378032003
4371034001
5216018006
5216020026
5309011028
5216008022
5223017001
5213013020
5522021004
5524033013
5523022019
5518031005
5516005013
5517019018
5114024013
5127036009
5115009027
5108017010
5103016022
5108014002
5201010030
5183017020
5175006012
5175013017
5177015021
5172008014
5537018022
5537024010
5535020002
5537025013
5538018006
5538026023
2820003013
2701064020
2872013008
2728014025
5090016003
5067002021
5085033016
5083009028
5072016007
5066020013
2506012015
2530006025
2580002021
2582008005
2505017016
2505009016
2680023026
2606023015
2668006016
2680022007
2733026018
2610016001
4217024006
4218001017
4218018020
4217019003
4221010038
4220011011
5453024018
5684018003
5453019003
5459011001
5459014004
5473004003
4238001038
4243019059
4227008039
4240016066
4241014019
4241015029
2031010036
2026021012
2022023073
2034017029
2021016016
2036018018
4411027006
4412019014
4411011035
4412016031
4325025025
4324026031
4360004026
4363016015
4359007026
4363014018
2221009007
2328011068
2216012015
2220001016
2328010042
2216014019
2101002006
2116017051
2102014022
2124006018
2121014013
2118006015
2075001032
2078018016
2164010025
2074007024
2078006002
2556007021
2544007024
2559006007
2547002005
2547027002
7452018004
7452019040
7460008008
7562018019
7562024026
7452015007
5508004004
5507018006
5513016033
5525027028
5525028030
5084002004
2151030034
2041004046
2045011013
2045013021
2044003014
2149010039
2327007060
2328021011
2309023020
2319005026
2310024006
2316002012
2366030005
2366029018
2421022042
2353025042
2366017005
2423016016
2642005007
2622020006
2533021015
2626013017
2642030004
2536025001
