4306026007
4306026008
4306026009
4306026010
4306026011
4306026012
4306026013
4306026014
4306026015
4306026016
4306026017
4306026018
4306026019
4306026020
4306026021
4306026022
4306026023
4306026024
4306026025
4306026026
4306026027
4306026030
4306026031
4306026032
4306026033
4306026034
4306026035
4306026036
4306026037
4306027001
4306027002
4306027003
4306027004
4306027005
4306027006
4306027007
4306027008
4306027009
4306027010
4306027011
4306027012
4306027013
4306027014
4306027015
4306027016
4306027017
4306027018
4306027019
4306027020
4306027021
4306027022
4306027023
4306027024
4306027025
4306027026
4306027027
4306027028
4306027029
4306027030
4306027031
4306027032
4306027033
4306027034
4306027035
4306027036
4306027037
4306027038
4306028001
4306028004
4306028005
4306028006
4306028007
4306028008
4306028009
4306028010
4306028011
4306028012
4306028013
4306028014
4306028015
4306028016
4306028017
4306028018
4306028019
4306028020
4306028021
4306028022
4306028023
4306028024
4306028025
4306028026
4306028027
4306028028
4306028029
4306028030
4306028031
4306028032
4306028033
4306028034
4306028035
